==== Q1 gd_optimize ====
a = [-0.2, -1.0]
-1.3175387318156826
-1.8727758122690874
-1.8556222883104976
-1.9127026914920182
-1.913178389389107
-1.9132162234154242
-1.9132218981676727
-1.9132227412679104
-1.9132228594430485
-1.9132228717699133
-1.9132228462587317
-1.9132229545303026
-1.9132229549619852
-1.913222954978803
-1.9132229549806663
-1.91322295498095
-1.9132229549809976
-1.913222954981006
-1.9132229549810003
-1.9132229549810362
-0.547197549457591, -1.5471975506062903

a = [-0.5, -1.5]
-1.9109295805761808
-1.9114681674883558
-1.9110297007042236
-1.9132153312846016
-1.913222780346023
-1.9132229424231295
-1.9132229530248326
-1.913222954422709
-1.913222954717043
-1.9132229547874129
-1.9132229547707933
-1.913222954980951
-1.9132229549810353
-1.9132229549810367
-0.5471975535095159, -1.547197553507951

==== Q2 nm_optimize ====
a = [-0.2, -1.0]
-1.9128135207487107
-1.9132229186591214
-1.9132229549810362
-0.5471975511965977, -1.5471975511965976

a = [-0.5, -1.5]
-1.9132209008539096
-1.913222954980231
-1.9132229549810362
-1.9132229549810367
-0.5471975511965976, -1.5471975511965979